5m ATR14 on Brent (practice): median $0.083, middle half $0.056-$0.117, by year 2024: $0.088, 2025: $0.079, 2026: $0.092
638 trading days

Turn size in ATR (h x ATR14 at each candle)
  turn h | swings/day  median $  candles | avg swing/h reach 2h% reach 3h% | coin: avg/h   2h%   3h% | 2024 avg/h 2025 avg/h
   1 ATR |       29.7     0.188        5 |        2.80        57        33 |        2.91    59    35 |       2.82       2.77
 1.5 ATR |       18.4     0.261        9 |        2.54        52        27 |        2.64    54    29 |       2.55       2.53
   2 ATR |       12.4     0.336       13 |        2.42        49        24 |        2.50    50    25 |       2.43       2.41
   3 ATR |        6.9     0.492       24 |        2.31        44        20 |        2.37    45    20 |       2.33       2.28
   4 ATR |        4.4     0.643       38 |        2.23        40        18 |        2.28    40    18 |       2.20       2.25
   5 ATR |        3.1     0.805       54 |        2.15        37        17 |        2.20    37    17 |       2.13       2.17
   6 ATR |        2.3     0.945       74 |        2.07        34        15 |        2.13    35    17 |       2.06       2.06
   8 ATR |        1.5     1.221      114 |        1.88        30        12 |        1.98    32    14 |       1.87       1.87
  10 ATR |        1.1     1.439      163 |        1.78        26        12 |        1.84    28    12 |       1.83       1.73
  12 ATR |        0.8     1.652      207 |        1.65        24         9 |        1.73    25    11 |       1.71       1.62

Turn size in dollars
  turn h | swings/day  median $  candles | avg swing/h reach 2h% reach 3h% | coin: avg/h   2h%   3h% | 2024 avg/h 2025 avg/h
   $0.10 |       25.8     0.232        5 |        3.04        59        36 |        3.11    61    37 |       3.05       3.01
   $0.20 |       11.3     0.413       11 |        2.57        52        27 |        2.60    52    28 |       2.58       2.56
   $0.30 |        6.4     0.585       19 |        2.41        48        24 |        2.44    49    24 |       2.40       2.43
   $0.50 |        2.9     0.939       44 |        2.28        45        21 |        2.28    46    21 |       2.22       2.36
   $0.75 |        1.5     1.363      101 |        2.17        42        18 |        2.19    42    19 |       2.14       2.21
   $1.00 |        0.9     1.845      178 |        2.20        43        18 |        2.15    42    19 |       2.15       2.27
   $1.50 |        0.4     2.648      403 |        2.12        40        17 |        2.12    42    16 |       2.05       2.21
   $2.00 |        0.3     3.355      532 |        2.03        35        16 |        2.06    39    15 |       2.05       2.02

